john,doe
jane,doe
foo,bar
